Title: Programming Assignment 2
Author: Nam Jun Lee

Supported set of language: Python

Using libraries:

1. from timeit import default_timer
- It serves to show the time it takes for each step in the console window.

2. import pandas
- It serves to load the csv data and converts it into a table format.

3. from sklearn.metrics.pairwise import cosine_similarity
- It serves to calculate centered cosine similarity between x and y.

4. import numpy
- It is responsible for transpose the table and obtaining the absolute value and the sum.

Program Description:

It is a program that finds five movies to recommend to users. First, read the "ratings.txt" file, remove the missing values that exist there, and then form a table. After that, cosine similarity between films is calculated, and the adjacent set for each film is set to 5 and calculated. And after finding a movie that the user has not seen, find five movies to recommend to the user. Outputs 5 movies found as "output.txt". The first index of this text file is user id, and the other five indexes are movie id.

Result:

1 3479 3175 1234 2528 2871
2 380 553 318 597 293
3 47 50 293 2329 2502
4 1029 1394 1101 1090 595
5 587 357 2 19 3977
6 4993 6539 33794 1262 5349
7 2628 1580 2115 1356 593
8 293 4878 4306 1220 2628
9 296 50 25 475 1183
10 1270 1580 2115 260 1527
11 47 318 608 32 223
12 778 4054 6333 4105 1261
13 593 8961 589 8360 1704
14 3699 260 1210 2710 1198
15 1090 2804 1242 529 3424
16 3617 3949 2324 4447 2054
17 750 16 6539 4011 1219
18 3 784 1061 647 1183
19 538 2115 1188 899 1732
20 377 1223 1527 5952 253
21 1207 110 1197 1247 293
22 1036 4973 6377 2916 293
23 1220 1302 1079 4306 2916
24 733 349 110 292 208
25 719 805 7 5 62
26 527 2762 293 2997 54997
27 47 318 608 16 1193
28 912 1950 1307 923 1394
29 5010 59315 79132 2028 33794
30 529 1203 293 1172 39
31 3578 1213 60069 2858 4306
32 474 185 454 253 34
33 2115 1210 1220 1136 333
34 111 318 1732 1127 1333
35 3108 2064 1179 1952 3175
36 47 154 337 380 608
37 588 4027 2355 858 3160
38 50 2762 2028 4963 3793
39 349 329 292 19 208
40 1210 4878 1220 72998 92259
41 292 1584 1198 349 590
42 593 6539 72998 6333 2115
43 2599 364 593 2692 1721
44 832 719 376 653 784
45 1281 904 913 3462 1219
46 6539 2571 59315 69844 4306
47 590 185 47 318 34
48 33794 74458 2858 589 6502
49 1387 260 1136 1220 2916
50 485 11 225 474 350
51 1513 2406 2716 2947 2617
52 69844 41566 81834 2324 4447
53 2712 1721 3256 2353 2580
54 68954 49272 5445 8644 8798
55 628 3 852 62 1061
56 48394 44195 2571 1101 4011
57 1210 1090 2248 541 105
58 3671 2288 1240 3471 541
59 6539 1223 2571 47 8636
60 1213 7099 6016 1193 2054
61 3000 3578 51662 8636 3996
62 1198 72998 2628 2542 112556
63 6539 590 8636 858 2355
64 527 10 50 47 454
65 1213 2919 1198 1196 2628
66 1097 1210 541 2916 2011
67 527 50 588 377 47
68 1210 377 2571 339 3996
69 8360 2571 3996 593 539
70 6 647 140 1183 66
71 2997 1249 904 912 930
72 1193 2329 293 1704 4034
73 4973 1073 2085 5995 1183
74 1580 1527 1682 1198 1270
75 1210 3578 1036 6539 1097
76 2248 1299 1186 2929 1956
77 2791 50 1101 527 3253
78 2762 527 59315 1193 69844
79 1527 1198 8961 3996 6377
80 708 36 52 832 376
81 307 6016 1333 8154 1080
82 527 293 32 349 185
83 912 2797 3052 4022 2987
84 2762 79132 8360 3147 1580
85 150 39 780 474 736
86 50 356 412 293 48
87 6 708 36 5 653
88 4306 3176 1242 1288 3949
89 367 5445 19 4993 356
90 62 653 708 805 95
91 1580 1197 541 6539 2115
92 593 185 25 236 337
93 1954 3996 1288 6539 2791
94 47 4886 4963 1221 5995
95 1196 3527 3977 2700 648
96 942 1207 954 5060 920
97 44195 260 47 1220 111
98 32587 1682 2396 4105 593
99 1104 594 2087 920 3481
100 653 5 832 36 784
101 1580 59315 6539 3578 2115
102 1206 942 951 1022 16
103 2762 4011 1127 2692 2288
104 5349 44191 99114 45722 85414
105 3160 3897 1197 527 1097
106 51662 3114 33794 72998 50872
107 2858 778 4226 3949 2542
108 150 39 592 293 2
109 50 527 293 356 32
110 440 110 316 553 50
111 6539 2762 1097 2028 590
112 653 62 832 786 788
113 609 786 719 631 158
114 150 110 454 316 21
115 3481 2858 778 356 593
116 50 527 293 3578 3996
117 3100 2248 37739 3362 587
118 1097 1198 318 923 293
119 1219 720 1242 1288 1302
120 1784 318 1653 2985 293
121 47 474 32 434 350
122 144 34 593 551 225
123 2858 2976 2580 2712 2134
124 4886 1127 50 1653 4226
125 593 778 1219 33794 2321
126 110 253 225 370 296
127 587 282 357 508 377
128 648 500 432 4014 296
129 2028 4369 2762 3357 3147
130 1220 1394 1584 4034 4973
131 3176 2712 3481 308 318
132 26662 27186 318 47 527
133 527 293 50 72226 2858
134 1288 50 2706 527 2396
135 3811 4143 1043 1104 153
136 8360 6333 3996 33794 2355
137 1198 1527 2012 1036 1197
138 593 72998 47 60069 608
139 1527 2012 260 356 4370
140 4995 296 527 40815 50
141 593 1704 1610 296 527
142 318 47 527 293 1073
143 50 40819 293 288 4226
144 161 293 595 110 367
145 586 2 457 39 293
146 595 648 590 296 3114
147 47 318 46976 32 48394
148 7153 2959 594 3578 2396
149 527 2502 2692 86345 778
150 593 1197 1101 6934 150
151 586 593 293 11 318
152 2692 51662 3147 527 3793
153 3578 308 4306 4993 3114
154 733 736 1183 141 631
155 1270 1291 1136 1220 1584
156 63082 2599 3752 69757 2918
157 2542 48774 3578 99114 2011
158 2989 2990 51662 60161 50872
159 3578 1193 293 32 1527
160 1957 282 266 296 508
161 527 50 110 497 208
162 1183 25 802 733 79
163 47 50 2628 293 590
164 4886 3996 593 6539 778
165 349 316 1653 4973 153
166 3793 4995 7153 4306 6377
167 2529 1127 1653 589 1036
168 527 47 480 1291 349
169 5349 3578 3996 6365 5218
170 3704 1185 2081 1036 2571
171 778 1193 858 50 1221
172 593 47 380 608 595
173 648 802 95 628 141
174 466 1374 1372 1373 1307
175 3578 7153 2502 6539 2762
176 65261 4995 3578 5418 1270
177 648 1371 260 1214 296
178 1136 527 1527 1291 2628
179 40815 1073 30793 61323 81845
180 2797 2791 1513 1923 4027
181 32587 16 608 778 4262
182 648 586 588 786 161
183 778 293 25 1206 111
184 39 165 50 47 367
185 47 3578 2762 1380 442
186 70286 2762 4973 33794 91529
187 527 3948 1282 48 1029
188 50 293 21 266 434
189 2396 2028 924 111 1199
190 2688 2355 1 2062 1721
191 527 50 293 553 225
192 150 296 165 110 339
193 1213 47 50 1097 293
194 2 586 185 161 553
195 1266 750 1204 800 1784
196 2993 2948 2396 3176 2997
197 1270 1097 1375 1584 2012
198 1193 2396 1228 2324 1213
199 2762 1097 5010 1291 4973
200 318 39 4973 47 4878
201 590 4963 434 2571 1197
202 260 593 50 1198 1276
203 1267 1213 924 3949 3730
204 953 1276 1266 2617 2012
205 54001 3578 1580 6365 1200
206 260 1210 2115 541 1136
207 1396 47 593 50 318
208 778 1729 1193 593 858
209 786 719 7 3 5
210 282 2 1196 1036 1197
211 736 1183 628 6 364
212 6502 5991 293 3481 1213
213 329 1220 115617 628 485
214 356 1265 1527 150 2288
215 1213 1196 923 1035 1304
216 4306 3578 296 6539 8961
217 1198 2302 1954 3671 2949
218 1210 924 1220 1387 2115
219 3114 587 593 4034 778
220 1193 1394 1183 318 47
221 2054 2100 2987 4085 1307
222 908 1207 1947 937 1247
223 25 95 852 784 719
224 434 319 595 457 590
225 34 293 377 300 292
226 59315 79132 33794 5377 4246
227 1552 216 3020 3256 4007
228 3578 2628 2012 1097 2916
229 1204 1213 902 912 3476
230 3897 4022 296 4973 6502
231 858 47 318 16 1219
232 1104 364 318 47 1200
233 653 62 786 708 719
234 3578 3996 1682 364 2710
235 39 293 266 736 480
236 3629 1267 1090 1284 1207
237 50 527 1291 2628 356
238 296 46976 589 1704 47
239 2987 2642 1569 1517 1079
240 8961 750 4308 364 32587
241 32 593 588 608 329
242 1250 1104 1101 1527 1220
243 1197 293 8961 1208 1036
244 541 1580 1291 2628 33794
245 4973 589 150 3147 5989
246 110 150 588 1721 266
247 2502 2710 736 1552 253
248 2288 1036 2028 589 2985
249 19 110 587 410 440
250 2762 296 51662 1213 6377
251 8961 1097 1527 102445 1721
252 3 628 141 784 62
253 527 5989 1721 2355 1220
254 527 434 454 293 339
255 8784 33794 1104 3949 30793
256 135 805 733 1183 852
257 5618 2571 1997 1198 778
258 3359 3362 858 599 2858
259 2692 1954 2762 1 3160
260 1580 1270 1527 2762 110
261 296 457 527 47 253
262 50 2329 1213 2571 44195
263 527 5349 47 50 5989
264 11 474 2424 902 480
265 3022 1103 1203 1185 3152
266 47 165 316 110 608
267 527 778 608 2692 858
268 920 32587 1207 590 1653
269 1358 1252 2076 1249 3082
270 3578 2329 6539 2628 4306
271 1580 6539 2115 541 1136
272 1196 1210 76251 6539 68358
273 3578 1198 2628 1580 54001
274 2692 1729 2762 3911 3160
275 1653 2716 2028 2918 19
276 253 380 2701 3081 1275
277 480 1196 593 296 1580
278 1207 1230 904 953 1411
279 208 474 39 293 357
280 1210 1198 2628 1270 1197
281 110 377 920 750 953
282 2571 5218 2115 5349 1101
283 3949 8360 3114 5989 4878
284 736 1183 647 135 1061
285 1193 318 2700 1639 1288
286 2683 2288 590 300 457
287 6539 1270 2018 44191 2081
288 293 543 318 50 32
289 1025 2089 56949 239 2485
290 1213 1374 1373 349 292
291 1036 3793 1653 1196 1580
292 293 8360 1198 3114 733
293 7153 5989 1214 6377 2571
294 2028 720 1220 4310 1101
295 1200 2916 1265 587 1653
296 6377 4995 5218 5989 595
297 1213 778 2324 2791 318
298 5952 26662 1704 1240 1208
299 555 6016 1997 353 778
300 1196 1573 3755 1377 780
301 3201 1944 3468 1233 5577
302 34 380 508 266 150
303 2502 1584 69844 2804 1653
304 593 36 908 32 293
305 308 593 592 10 154
306 588 1219 1200 293 2321
307 1089 2542 608 1221 32
308 733 805 141 163 282
309 1394 111 4878 1210 4306
310 1374 1373 1376 2144 2005
311 2716 3147 1200 337 2081
312 47 1732 2028 16 1270
313 1704 780 292 39 296
314 1210 2115 1197 296 527
315 2571 1198 2716 1265 3552
316 1270 102125 2628 1580 5989
317 34 377 593 434 553
318 628 802 1183 25 1515
319 434 329 457 296 318
320 593 2028 6870 923 2959
321 47 318 905 1299 1089
322 904 3435 930 3408 4033
323 2324 5989 237 256 3408
324 8360 3147 7153 296 2797
325 5049 372 2671 1375 203
326 1527 260 1198 1136 1220
327 3253 555 353 1210 1374
328 1210 1220 1097 2115 541
329 141 832 62 719 1196
330 356 431 914 2231 509
331 4308 5299 69757 97921 2193
332 7090 4262 34319 5445 6323
333 4963 8961 3147 593 1704
334 109487 593 527 50872 47
335 3635 1221 1213 2948 1193
336 920 1219 903 899 1073
337 1210 1198 2628 1214 924
338 50 293 497 587 231
339 8665 296 4993 1580 59369
340 7153 593 50 527 3147
341 2599 1092 2490 1396 1641
342 750 1207 111 1263 1269
343 736 653 1196 2628 1183
344 1197 2115 32 2628 11
345 6539 8360 5995 1221 1136
346 1291 2640 1584 1220 2987
347 1291 2628 3578 1580 1270
348 318 47 527 858 1171
349 3717 356 4901 6016 4011
350 1036 1527 1097 2011 2329
351 904 2918 923 1221 1517
352 1136 50 1210 356 1291
353 50 527 4995 541 1127
354 474 150 454 434 110
355 1197 2985 2324 2011 2542
356 351 830 360 1061 2144
357 345 34 1223 367 225
358 1292 16 1527 293 1252
359 308 154 1221 2762 2028
360 318 296 1213 1214 293
361 95 36 1196 141 6
362 47 527 1089 7361 4886
363 1580 2396 2141 1073 3527
364 7099 46976 48394 44195 5618
365 8636 59315 60069 5952 54286
366 8360 4306 6942 59315 89745
367 1210 1097 1732 32587 924
368 1214 2997 2396 2762 1193
369 593 586 266 34 357
370 6539 1527 3793 4011 2028
371 527 50 3578 778 49272
372 508 587 339 186 266
373 1213 593 3448 492 2300
374 2628 4235 4867 8873 2167
375 153 553 318 474 47
376 2919 296 356 1704 50
377 588 364 37729 34 48
378 2329 4973 7361 32587 30707
379 50 293 4995 480 33794
380 527 2692 1259 50872 4034
381 364 236 1 34 351
382 2096 914 4447 8636 3578
383 293 653 555 590 50
384 1097 1036 60069 736 349
385 32 252 225 186 592
386 2599 154 2329 4011 4973
387 922 1207 2871 1234 2186
388 1206 1954 3471 3147 2396
389 165 592 34 356 457
390 2115 292 2628 5 1136
391 538 265 1211 296 1394
392 4226 2762 2324 2692 59315
393 1259 1285 1090 1288 2710
394 1036 1584 1097 736 40815
395 1372 1371 1196 5378 1580
396 300 377 34 266 733
397 3000 26662 2376 4886 8360
398 1291 1220 1270 260 1210
399 527 356 32 293 337
400 293 551 2 339 553
401 1527 1291 1197 1371 1373
402 4896 1097 2628 4886 1291
403 1997 4105 319 1327 318
404 1917 5816 5378 1221 5445
405 2194 1200 1584 6539 2571
406 1213 5952 6539 5147 741
407 2692 4022 5989 47 40583
408 235 318 1580 293 1387
409 555 10 288 151 208
410 7153 593 589 3578 457
411 1333 111 1213 2396 904
412 1717 3176 3147 2710 1059
413 653 802 628 784 5
414 920 858 110 913 1213
415 225 377 153 553 648
416 339 357 95 590 832
417 1276 6373 6333 3147 5989
418 4886 457 1682 5989 110
419 6377 2355 3176 8636 1721
420 1203 1276 924 1033 260
421 474 553 208 296 592
422 527 50 720 47 1221
423 1208 72998 5971 924 923
424 1223 720 2289 2396 2692
425 8360 2571 2628 3996 3147
426 3578 4963 72998 296 1682
427 7361 2329 2542 4886 3994
428 778 2571 318 47 50872
429 3578 2762 6539 2692 3000
430 2502 377 2791 527 586
431 1580 1220 3147 858 296
432 527 2542 4973 1221 778
433 541 6539 1208 3996 8360
434 16 47 1247 5060 908
435 2628 1527 1198 1291 1097
436 908 1950 1942 1276 1103
437 34 300 292 349 165
438 593 47 608 68157 32
439 2288 2987 1240 1198 356
440 457 527 208 500 158
441 4022 527 7153 2959 1291
442 50 541 2916 1101 293
443 2115 1197 1270 1580 296
444 3408 1208 750 111 2334
445 527 47 50 293 589
446 5816 6539 5418 81834 2571
447 292 356 50 527 52
448 2115 1197 1580 1036 91529
449 527 50 34 293 165
450 2762 2028 32 293 2997
451 1394 2762 1079 2502 1185
452 50 2174 1210 2988 2890
453 648 3147 592 2011 165
454 47 778 2762 111 527
455 593 367 733 32 380
456 2628 5989 8961 6378 1580
457 1221 527 441 8784 2692
458 50 293 589 1704 266
459 141 832 62 719 786
460 1210 2396 1269 1307 1777
461 541 4886 1079 1653 32
462 339 2683 266 508 3948
463 1527 34 1220 150 2324
464 253 315 364 34 435
465 8368 4226 2329 4973 2324
466 908 2096 2716 1101 367
467 1193 1961 1682 111 2692
468 1206 1217 969 2096 1259
469 3104 1350 914 1951 2565
470 1267 951 741 26151 2140
471 1270 8961 2916 6539 595
472 1207 3552 1527 3052 954
473 60069 2762 51662 44191 68358
474 1220 1213 914 588 364
475 1240 3147 48774 1527 57669
476 2599 2688 2699 2028 2713
477 1374 1375 1373 1391 46965
478 3578 33794 593 6539 527
479 74458 5989 8360 44191 1265
480 56367 91529 349 4973 6378
481 44195 5995 1036 2329 2324
482 1222 3471 2294 1200 1388
483 2985 1270 72998 480 296
484 733 141 805 95 832
485 1304 1266 2002 1272 1953
486 1198 1580 6711 1527 2797
487 337 282 553 780 292
488 2571 3578 6539 3000 31658
489 750 2599 1221 2324 2699
490 25 832 62 802 140
491 1721 2692 2908 1883 1923
492 1273 331 249 17 272
493 350 508 36 236 1641
494 47 1136 778 608 1291
495 380 553 300 588 377
496 296 736 357 300 527
497 2987 1955 1291 260 2791
498 2502 2987 2795 1080 1968
499 1212 969 1284 1252 608
500 2174 296 1259 527 2100
501 527 293 2858 3147 1721
502 924 111 1079 1148 1732
503 51662 2628 33794 2115 1197
504 2002 2561 2706 1620 3253
505 1219 1266 1197 1953 951
506 367 231 733 736 593
507 805 25 1196 2628 788
508 293 357 555 474 110
509 1387 8360 953 1084 3176
510 3504 50 924 47 2243
511 593 47 527 555 32
512 3147 593 296 527 4995
513 50 47 589 165 316
514 527 2115 589 1262 3471
515 49272 44191 79132 91529 76093
516 50 288 208 780 434
517 364 339 410 10 34
518 50 527 293 1246 62
519 1221 778 47 106100 2571
520 3147 364 1270 1580 356
521 1193 1210 1270 2762 2028
522 7153 3147 1729 1193 1704
523 1270 597 47 527 457
524 81834 4973 48516 45722 2692
525 1527 1198 1584 1676 3527
526 8636 68954 116797 92259 2324
527 2762 1270 318 1527 3147
528 6539 3578 2858 6016 1210
529 1292 556 2313 1228 3068
530 648 2628 1527 786 1688
531 4995 5218 367 1059 6333
532 4306 3793 5418 3147 377
533 1704 356 1210 1372 1036
534 805 595 527 592 553
535 527 50 150 377 34
536 10 208 32 31 168
537 903 47 1036 2628 2115
538 34 551 356 593 50
539 1617 593 47 32 223
540 48780 296 593 356 527
541 2858 2580 1721 750 2683
542 33794 8360 3114 3996 79132
543 95 62 832 805 784
544 541 32587 72998 2762 2324
545 16 2973 1674 858 1300
546 4993 5952 1240 33794 1198
547 914 1272 2010 3920 1240
548 527 377 165 653 34
549 1213 1193 924 2023 1230
550 1270 1527 2916 150 260
551 661 48 300 596 34
552 318 47 293 380 50
553 2628 68157 1270 1580 5989
554 1214 1221 2858 1244 2929
555 356 265 47 32 36
556 553 185 367 356 19
557 3617 7346 3948 2710 104
558 3755 750 2997 1944 2324
559 1097 1200 480 296 786
560 1653 2054 1265 50 2762
561 5445 1500 457 1584 541
562 1527 316 4995 2000 587
563 1089 2858 16 4993 3578
564 318 1296 293 1090 2770
565 2762 1682 2599 1270 1580
566 33794 68358 72998 49272 51662
567 1729 778 296 527 1222
568 50 208 527 34 364
569 1219 296 527 1380 923
570 3578 318 47 5816 1101
571 2541 2324 1193 2710 3617
572 3578 47 33794 6539 2762
573 2096 48 1358 588 364
574 593 1193 778 2797 48394
575 923 1266 474 2791 1204
576 1527 1198 1097 2628 1584
577 5418 1580 8636 2791 50
578 296 64614 99114 47 2329
579 2959 4973 7361 6870 4011
580 8949 4226 1263 1278 1921
581 2002 1396 1610 62999 2353
582 1032 5989 3578 3996 1527
583 1193 593 50 527 1089
584 8360 3114 50 4973 6378
585 47 1380 1221 3471 1394
586 5989 1580 2028 1527 1198
587 1247 898 1965 1171 1246
588 293 292 553 474 555
589 208 288 648 736 595
590 593 555 21 300 39
591 919 3869 3489 2617 661
592 1270 541 2985 1527 1721
593 293 318 19 527 736
594 745 1252 1291 1278 1270
595 1029 50 527 16 745
596 4034 7153 2712 1393 208
597 3435 953 1219 720 1230
598 7153 1089 4973 2321 1265
599 1210 68358 1291 5952 99114
600 8961 4306 8360 109374 91529
601 3949 60069 6796 8784 33794
602 293 412 586 440 377
603 590 48 2115 541 2628
604 3809 231 3255 1396 1610
605 1307 919 380 2018 908
606 1213 2762 2144 32587 903
607 527 4995 4973 1721 541
608 318 1358 52 923 1222
609 1221 318 47 1247 527
610 48394 61323 5669 3897 64614
611 5445 5989 5952 4995 7153
612 69757 5952 7153 2959 3578
613 2762 2028 8636 3793 1196
614 1204 1276 1196 1284 953
615 109487 2542 4973 3949 1221
616 648 628 95 1061 653
617 318 47 2706 293 586
618 318 47 904 32 296
619 32 10 34 555 593
620 54001 55269 1035 2628 81845
621 6539 3578 1527 1265 2797
622 1210 5952 1270 2115 1197
623 4993 593 4886 32587 4995
624 1197 111 318 293 4306
625 92259 122882 106487 68157 59369
626 1717 2692 1196 2541 457
627 4995 4973 1183 5377 32
628 72998 1204 431 2023 48774
629 339 357 377 592 454
630 923 903 2324 1219 1193
631 1220 296 50 260 1210
632 356 50 527 44191 47
633 593 110 597 300 595
634 1213 296 593 356 527
635 778 47 1208 904 1333
636 1183 6 780 62 733
637 1213 3210 296 593 356
638 1148 745 720 2413 2717
639 50 34 356 527 293
640 733 719 1 25 135
641 527 586 595 110 25
642 898 1269 1244 1252 2935
643 1210 1198 1213 1270 2628
644 52 2700 2770 2797 2908
645 4148 524 3481 4896 4979
646 1198 1097 2628 1721 367
647 318 2997 32 1247 480
648 593 1729 4886 527 3022
649 318 47 367 410 253
650 648 733 832 786 25
651 1220 1210 1136 1291 2628
652 112852 587 353 39 4447
653 300 357 480 367 110
654 2692 1221 1275 2288 2529
655 3578 2797 2795 1210 33794
656 3755 1320 1193 3481 1641
657 527 208 47 50 293
658 47 50 293 596 551
659 595 293 587 231 2628
660 51662 33794 91529 76093 2628
661 4993 6539 33794 4886 8636
662 593 11 349 590 50
663 318 296 527 47 589
664 527 4973 1097 6377 2997
665 2762 7153 1527 4973 2420
666 318 47 34 380 293
667 593 337 474 589 154
668 50 527 858 47 111
669 1234 1196 2628 2710 2700
670 296 356 293 2028 52
671 1210 1270 3578 7153 480
